l = 0.204;
M = 0.390;
J = 0.0712;
c = 0.695;
g = 9.81;
